200
0.01 1.001561581040189
0.02 0.9506212418937071
0.03 0.9037461901530148
0.04 0.8600834362886511
0.05 0.8176124698677262
0.060000000000000005 0.7771424612922712
0.07 0.7389360563039606
0.08 0.7047473452131391
0.09 0.6699116347069757
0.09999999999999999 0.6379158611247644
0.10999999999999999 0.6069758919551933
0.11999999999999998 0.57599399849309
0.12999999999999998 0.5484764895579052
0.13999999999999999 0.5210545262155968
0.15 0.497196654740071
0.16 0.47332373777072767
0.17 0.4491393283453984
0.18000000000000002 0.4274237955371586
0.19000000000000003 0.40699615969388403
0.20000000000000004 0.38611525702684807
0.21000000000000005 0.3667185723770882
0.22000000000000006 0.35276848143180245
0.23000000000000007 0.3332265520877569
0.24000000000000007 0.315276282334844
0.25000000000000006 0.301649241117928
0.26000000000000006 0.2853418343872632
0.2700000000000001 0.2712268591564845
0.2800000000000001 0.2594040012639391
0.2900000000000001 0.24609917283542138
0.3000000000000001 0.2332375581120761
0.3100000000000001 0.22274876122500095
0.3200000000000001 0.21075114455275615
0.3300000000000001 0.20292895876649714
0.34000000000000014 0.19378414618197617
0.35000000000000014 0.18185456598597546
0.36000000000000015 0.17410642576777804
0.37000000000000016 0.16307469998411928
0.38000000000000017 0.15658685401666964
0.3900000000000002 0.14763353050185207
0.4000000000000002 0.14161364075330105
0.4100000000000002 0.13533602564561192
0.4200000000000002 0.12882447966621105
0.4300000000000002 0.12269235392069022
0.4400000000000002 0.1172251683782563
0.45000000000000023 0.11339600594417588
0.46000000000000024 0.10250549559867095
0.47000000000000025 0.09960126718910806
0.48000000000000026 0.09359717400580743
0.49000000000000027 0.0902335481764794
0.5000000000000002 0.08574774616028197
0.5100000000000002 0.08391435081519331
0.5200000000000002 0.08015451562528819
0.5300000000000002 0.07468589490933361
0.5400000000000003 0.072009033600931
0.5500000000000003 0.06785642777666695
0.5600000000000003 0.06296177697248366
0.5700000000000003 0.06008596568008321
0.5800000000000003 0.05866539858672195
0.5900000000000003 0.055443870010415404
0.6000000000000003 0.052805655216702115
0.6100000000000003 0.0487431882576921
0.6200000000000003 0.04778496278542053
0.6300000000000003 0.04480018335546537
0.6400000000000003 0.04317647297254427
0.6500000000000004 0.04171944607849442
0.6600000000000004 0.039806937639299364
0.6700000000000004 0.036889444358077804
0.6800000000000004 0.035406438264898706
0.6900000000000004 0.032591697018512944
0.7000000000000004 0.0322202658184947
0.7100000000000004 0.030305562006902546
0.7200000000000004 0.028598981885761886
0.7300000000000004 0.02969616592453496
0.7400000000000004 0.025623193535303377
0.7500000000000004 0.02390594685860842
0.7600000000000005 0.023757036695403057
0.7700000000000005 0.021980768733781044
0.7800000000000005 0.02135530981511598
0.7900000000000005 0.02119358368635508
0.8000000000000005 0.018091137897839137
0.8100000000000005 0.018635785470293556
0.8200000000000005 0.018498854149240542
0.8300000000000005 0.014880171951665366
0.8400000000000005 0.016906430273782788
0.8500000000000005 0.014620180531765637
0.8600000000000005 0.014943939039523324
0.8700000000000006 0.015129510417229874
0.8800000000000006 0.012416208010983837
0.8900000000000006 0.011506124605003885
0.9000000000000006 0.010258327479447023
0.9100000000000006 0.01144106459716345
0.9200000000000006 0.011126003766625776
0.9300000000000006 0.009463814784501279
0.9400000000000006 0.009507091025329505
0.9500000000000006 0.008435297025862841
0.9600000000000006 0.00878173430746971
0.9700000000000006 0.009014789479138205
0.9800000000000006 0.009718575941084372
0.9900000000000007 0.00779193769923837
1.0000000000000007 0.0068684410820261796
1.0100000000000007 0.005726473515099917
1.0200000000000007 0.007241231561178124
1.0300000000000007 0.004476133440560786
1.0400000000000007 0.0068713152005654785
1.0500000000000007 0.004724838445598136
1.0600000000000007 0.0031326664920888394
1.0700000000000007 0.004845317068005918
1.0800000000000007 0.0034425926212509656
1.0900000000000007 0.005484948979727647
1.1000000000000008 0.00548157476333109
1.1100000000000008 0.004201259716471319
1.1200000000000008 0.004089319819413354
1.1300000000000008 0.004798536948902091
1.1400000000000008 0.005280830228019545
1.1500000000000008 0.002987917607315476
1.1600000000000008 0.003435204030919244
1.1700000000000008 0.002667365149464115
1.1800000000000008 0.0035882996137053895
1.1900000000000008 0.002931691223342885
1.2000000000000008 0.003238143918086517
1.2100000000000009 0.0017392019992173314
1.2200000000000009 0.002978755824362205
1.2300000000000009 0.0017058992958343187
1.2400000000000009 0.0034014316853831937
1.2500000000000009 0.0023596617460023583
1.260000000000001 0.001325525974486215
1.270000000000001 5.986060084667831E-4
1.280000000000001 0.0028744569653642404
1.290000000000001 2.5588097828550295E-4
1.300000000000001 -3.19834440878316E-4
1.310000000000001 0.002842556207019394
1.320000000000001 6.901655118716793E-4
1.330000000000001 0.0024775974260507062
1.340000000000001 5.428732473854494E-4
1.350000000000001 0.0030061760960986197
1.360000000000001 -0.0018054932235735135
1.370000000000001 5.796760203237335E-4
1.380000000000001 0.0029011026301593713
1.390000000000001 0.001735572011594402
1.400000000000001 0.0018820077248356422
1.410000000000001 1.9970868233049966E-4
1.420000000000001 0.0018130153825115436
1.430000000000001 -7.270578031656313E-4
1.440000000000001 4.5872494223411835E-4
1.450000000000001 2.490576754599083E-4
1.460000000000001 3.529152069384771E-4
1.470000000000001 0.002550604645783174
1.480000000000001 0.001510308450853307
1.490000000000001 9.692434781124765E-4
1.500000000000001 -0.0010157891075283352
1.5100000000000011 9.435323464612149E-4
1.5200000000000011 7.339785925126771E-4
1.5300000000000011 0.0012735814320884997
1.5400000000000011 -2.4330801631526942E-4
1.5500000000000012 -8.229013976286178E-4
1.5600000000000012 2.1357236212942235E-4
1.5700000000000012 0.0015733104955846639
1.5800000000000012 7.494381439977999E-4
1.5900000000000012 0.0013542455932131455
1.6000000000000012 -0.0010492455426078695
1.6100000000000012 -4.206531286757003E-4
1.6200000000000012 -5.57578087153905E-4
1.6300000000000012 -0.001154856193627873
1.6400000000000012 -6.640141720582755E-4
1.6500000000000012 6.453770880070391E-4
1.6600000000000013 5.800258779684131E-4
1.6700000000000013 -4.4462741431753705E-4
1.6800000000000013 -0.0012259653453202855
1.6900000000000013 9.166102915828805E-5
1.7000000000000013 2.6226472882127477E-4
1.7100000000000013 -4.928323479026135E-4
1.7200000000000013 3.7208860810065215E-4
1.7300000000000013 0.0011470168299327795
1.7400000000000013 -8.528617019400828E-4
1.7500000000000013 -5.332140575987739E-4
1.7600000000000013 5.06758714712605E-4
1.7700000000000014 -5.184387160639176E-4
1.7800000000000014 -0.0010614988858184352
1.7900000000000014 -0.0010325691073240248
1.8000000000000014 4.6252844109913175E-4
1.8100000000000014 0.001503449097942196
1.8200000000000014 1.8387531316035513E-4
1.8300000000000014 -4.279076662958924E-5
1.8400000000000014 -3.508606316994325E-4
1.8500000000000014 0.0010408405442594896
1.8600000000000014 0.0017026513305422241
1.8700000000000014 0.001262475343377403
1.8800000000000014 -0.0017343916229485916
1.8900000000000015 4.2190104892749473E-4
1.9000000000000015 2.2047004217115937E-4
1.9100000000000015 -0.0014138273280237586
1.9200000000000015 -2.282389784783867E-4
1.9300000000000015 0.0011772517616893074
1.9400000000000015 -0.001220986338462385
1.9500000000000015 4.1297871907306866E-4
1.9600000000000015 -3.2531130406607793E-4
1.9700000000000015 -4.419108327877082E-4
1.9800000000000015 -0.001871684914988499
1.9900000000000015 0.0027680917934694376
2.0000000000000013 0.0012651900660231455
